42 0 0 0
31 8 0 0
57 0 0 0
57 1 0 0
57 2 0 0
57 3 0 0
57 4 0 0
57 5 0 0
57 6 0 0
57 7 0 0
57 8 0 0
57 9 0 0
57 10 0 0
57 11 0 0
57 12 0 0
57 13 0 0
57 14 0 0
57 15 0 0
57 16 0 0
57 17 0 0
57 18 0 0
57 19 0 0
57 20 0 0
57 21 0 0
57 22 0 0
57 23 0 0
57 24 0 0
57 25 0 0
57 26 0 0
57 27 0 0
57 28 0 0
57 29 0 0
57 30 0 0
57 31 0 0
57 32 0 0
57 33 0 0
57 34 0 0
57 35 0 0
32 0 0 0
31 10 0 0
27 9 6 11
27 9 12 13
30 11 13 14
33 14 0 45
56 6 0 0
34 0 0 0
1 9 6 15
17 15 0 0
15 10 0 16
1 9 12 17
17 17 0 0
15 10 0 18
0 16 18 19
56 19 0 0
32 0 0 0
31 25 0 0
45 26 0 0
12 27 0 26
39 0 0 0
23 26 28 29
37 29 0 69
43 0 0 64
5 26 0 26
43 0 0 58
17 26 0 0
15 10 0 30
17 30 0 0
15 8 0 31
41 0 0 62
56 26 0 0
32 0 0 0
