31 9 0 0
57 0 0 0
57 1 0 0
57 2 0 0
57 3 0 0
57 4 0 0
57 5 0 0
57 6 0 0
57 7 0 0
57 8 0 0
57 9 0 0
57 10 0 0
57 11 0 0
57 12 0 0
57 13 0 0
57 14 0 0
57 15 0 0
57 16 0 0
57 17 0 0
57 18 0 0
57 19 0 0
57 20 0 0
57 21 0 0
57 22 0 0
57 23 0 0
57 24 0 0
57 25 0 0
57 26 0 0
57 27 0 0
57 28 0 0
57 29 0 0
57 30 0 0
16 0 0 0
32 9 0 0
31 11 0 0
45 12 0 0
45 13 0 0
27 10 7 14
27 10 6 15
30 14 15 16
33 16 0 42
56 6 0 0
34 0 0 0
1 10 6 17
17 17 0 0
15 11 0 18
12 18 0 13
1 10 19 20
17 20 0 0
15 11 0 21
12 21 0 12
0 18 21 22
56 22 0 0
32 11 0 0
31 23 0 0
45 25 0 0
50 25 7 26
50 25 6 27
17 34 0 0
15 28 0 35
17 36 0 0
15 30 0 37
17 38 0 0
15 32 0 39
50 25 6 40
17 40 0 0
15 25 32 41
17 42 0 0
15 9 0 43
32 23 0 0
